rouge-1
f: 30.270013213157142
p: 32.032718353050164
r: 34.486518417608124
rouge-2
f: 5.654166313558229
p: 6.101930224831258
r: 6.325139712926236
rouge-l
f: 22.946498341586505
p: 32.12013238318679
r: 18.493795774217997
