rouge-1
f: 35.82438589304822
p: 34.64023073247637
r: 47.7564528503445
rouge-2
f: 24.243093854042076
p: 23.729207244890326
r: 29.918542811554218
rouge-l
f: 33.7759042433719
p: 32.50630033232858
r: 41.21628987546078
